(#t 11 ((6 24) (1 37) (8 30) (9 26) (14 39) (13 22) (3 29) (4 21) (10 35) (2 17) (7 32)))
#f
(#t 9 ((5 15) (3 10) (6 13) (9 12) (4 14) (8 11) (7 16) (2 18) (1 19)))
(#t 6 ((5 8) (3 12) (1 4) (7 11) (2 10) (6 12)))
(#t 6 ((3 17) (5 8) (6 26) (2 13) (1 18) (4 24)))
#f
#f
(#t 8 ((2 11) (1 10) (3 6) (5 16) (7 9) (4 17) (8 14) (12 15)))
(#t 2 ((2 3) (1 2)))
#f
(#t 2 ((5 6) (2 3)))
#f
(#t 7 ((6 7) (14 15) (11 12) (19 1) (3 4) (17 18) (9 10)))
#f
(#t 5 ((3 9) (6 11) (4 7) (2 5) (1 8)))
(#t 6 ((6 35) (1 33) (2 38) (5 8) (3 24) (4 27)))
(#t 6 ((10 11) (5 6) (2 3) (13 14) (7 8) (15 16)))
(#t 3 ((1 5) (4 6) (3 6)))
(#t 5 ((10 11) (4 5) (13 14) (7 8) (1 2)))
#f
(#t 2 ((4 1) (3 4)))
#f
#f
(#t 6 ((9 10) (3 4) (12 13) (14 15) (1 2) (6 7)))
(#t 11 ((4 36) (11 34) (14 20) (8 37) (1 30) (9 22) (2 29) (13 35) (6 32) (15 38) (12 25)))
#f
(#t 5 ((3 4) (7 8) (6 7) (13 1) (10 11)))
(#t 6 ((1 5) (2 7) (3 13) (6 9) (4 12) (10 11)))
#f
(#t 2 ((1 2) (4 5)))
(#t 2 ((1 4) (3 5)))
#f
#f
#f
(#t 2 ((3 4) (1 2)))
(#t 6 ((7 8) (4 5) (16 17) (10 11) (1 2) (13 14)))
#f
(#t 13 ((10 33) (2 30) (14 23) (16 19) (6 18) (1 29) (6 22) (4 24) (5 32) (13 26) (12 20) (3 27) (9 34)))
(#t 14 ((9 35) (5 37) (6 26) (4 36) (12 25) (3 24) (15 22) (16 27) (10 34) (11 32) (17 31) (1 39) (2 21) (2 21)))
(#t 2 ((4 5) (1 2)))
#f
#f
(#t 5 ((12 13) (3 4) (9 10) (15 1) (6 7)))
#f
(#t 10 ((7 8) (18 19) (6 15) (4 14) (10 16) (9 18) (2 15) (12 13) (1 5) (11 17)))
#f
#f
#f
#f
(#t 1 ((1 2)))
(#t 3 ((4 5) (7 8) (1 2)))
(#t 10 ((1 25) (11 26) (3 16) (4 13) (7 29) (9 32) (2 34) (10 20) (8 19) (6 23)))
#f
(#t 5 ((9 10) (6 7) (15 1) (12 13) (3 4)))
(#t 10 ((3 21) (4 13) (6 39) (2 15) (5 25) (7 37) (9 27) (8 36) (11 30) (1 18)))
(#t 7 ((1 8) (4 15) (7 11) (5 13) (10 12) (3 9) (2 6)))
#f
(#t 9 ((12 15) (3 9) (2 16) (4 18) (8 9) (1 5) (10 17) (7 13) (11 14)))
#f
(#t 6 ((11 12) (1 2) (14 15) (7 8) (4 5) (8 9)))
#f
(#t 2 ((1 2) (2 4)))
#f
#f
(#t 4 ((4 5) (1 2) (10 11) (7 8)))
(#t 4 ((3 6) (1 2) (4 9) (7 8)))
#f
(#t 6 ((6 17) (4 39) (1 34) (3 27) (5 30) (2 9)))
(#t 10 ((10 19) (2 20) (7 28) (9 31) (6 38) (5 15) (3 33) (4 17) (1 29) (8 26)))
#f
#f
#f
(#t 1 ((1 3)))
(#t 8 ((9 12) (2 11) (3 8) (6 10) (1 15) (4 13) (14 16) (5 7)))
#f
#f
(#t 2 ((1 5) (2 3)))
#f
(#t 8 ((3 14) (4 11) (7 16) (1 10) (5 6) (12 17) (2 15) (8 13)))
(#t 1 ((1 2)))
#f
#f
(#t 8 ((7 31) (9 21) (5 16) (8 38) (2 17) (6 19) (1 14) (3 34)))
(#t 6 ((6 10) (3 32) (2 11) (1 35) (5 23) (4 12)))
#f
(#t 3 ((1 37) (2 9) (3 28)))
#f
#f
(#t 9 ((15 18) (2 3) (4 5) (11 16) (6 14) (7 12) (9 17) (7 8) (10 13)))
(#t 3 ((2 3) (5 6) (4 7)))
(#t 6 ((7 15) (5 33) (4 17) (3 21) (1 34) (6 24)))
#f
(#t 3 ((1 5) (3 4) (5 6)))
(#t 4 ((9 10) (4 5) (2 3) (7 8)))
(#t 3 ((1 4) (1 3) (2 5)))
(#t 2 ((3 4) (6 1)))
(#t 9 ((8 11) (1 20) (6 36) (3 12) (9 37) (5 33) (2 19) (4 28) (7 24)))
(#t 8 ((3 13) (4 14) (7 22) (1 18) (2 12) (6 34) (8 20) (5 19)))
#f
#f
(#t 1 ((2 3)))
(#t 6 ((9 10) (5 7) (6 12) (8 13) (2 3) (1 11)))
(#t 6 ((5 35) (1 24) (4 21) (2 33) (6 11) (3 30)))
(#t 9 ((1 31) (3 33) (7 25) (9 21) (4 34) (6 22) (5 35) (2 39) (8 28)))
(#t 7 ((14 15) (5 6) (11 12) (3 4) (1 2) (17 18) (8 9)))
(#t 3 ((4 5) (1 2) (3 4)))
(#t 4 ((3 4) (6 7) (10 1) (8 9)))
#f
(#t 2 ((1 4) (1 2)))
(#t 3 ((2 13) (1 12) (3 10)))
(#t 5 ((2 4) (9 10) (3 6) (2 5) (1 7)))
#f
(#t 3 ((5 6) (1 2) (3 4)))
(#t 5 ((11 12) (2 3) (5 6) (8 9) (13 14)))
(#t 5 ((3 5) (2 7) (6 10) (4 11) (8 9)))
(#t 5 ((1 2) (10 11) (4 5) (7 8) (13 14)))
(#t 12 ((14 35) (1 26) (1 32) (11 23) (4 29) (5 33) (15 27) (12 19) (6 37) (13 39) (2 20) (7 38)))
(#t 7 ((7 8) (14 15) (13 14) (4 5) (10 11) (1 2) (17 18)))
(#t 5 ((7 11) (3 6) (4 9) (5 8) (2 10)))
(#t 12 ((8 26) (1 36) (5 28) (10 31) (3 29) (9 25) (12 33) (7 32) (2 15) (11 30) (6 39) (4 20)))
#f
(#t 13 ((5 29) (17 25) (14 30) (8 26) (13 36) (10 32) (1 22) (12 37) (2 27) (7 35) (11 34) (13 36) (6 28)))
#f
(#t 11 ((11 20) (3 28) (6 24) (9 21) (13 33) (17 22) (10 23) (7 27) (12 32) (14 25) (2 31)))
(#t 8 ((9 20) (5 31) (2 27) (8 12) (6 39) (4 23) (3 19) (1 29)))
#f
(#t 3 ((1 2) (7 8) (4 5)))
(#t 10 ((16 18) (9 10) (5 11) (6 14) (7 17) (2 4) (2 6) (1 3) (8 15) (13 19)))
(#t 7 ((5 19) (3 32) (2 11) (7 24) (4 39) (1 9) (6 26)))
#f
